CLASSIFICATION REPORT
============================================================
              precision    recall  f1-score   support

           a     1.0000    1.0000    1.0000         1
          aa     1.0000    1.0000    1.0000         2
          aw     1.0000    1.0000    1.0000         3
           b     0.0000    0.0000    0.0000         0
           c     1.0000    1.0000    1.0000         1
      cam_on     1.0000    1.0000    1.0000         3
        chao     1.0000    1.0000    1.0000         2
           d     0.8000    1.0000    0.8889         4
          dd     0.0000    0.0000    0.0000         0
           e     0.5000    1.0000    0.6667         2
          ee     0.0000    0.0000    0.0000         2
           g     1.0000    1.0000    1.0000         2
           h     1.0000    1.0000    1.0000         1
           i     1.0000    1.0000    1.0000         1
           k     1.0000    1.0000    1.0000         4
           l     1.0000    1.0000    1.0000         2
           m     0.0000    0.0000    0.0000         3
           n     0.0000    0.0000    0.0000         0
           o     1.0000    1.0000    1.0000         2
          oo     1.0000    1.0000    1.0000         1
          ow     1.0000    1.0000    1.0000         1
           p     1.0000    1.0000    1.0000         1
           q     1.0000    1.0000    1.0000         3
           r     1.0000    0.5000    0.6667         2
           s     1.0000    1.0000    1.0000         1
           t     1.0000    1.0000    1.0000         3
      ten_la     1.0000    0.7500    0.8571         4
         toi     1.0000    1.0000    1.0000         2
           u     0.5000    1.0000    0.6667         1
          uw     1.0000    1.0000    1.0000         1
           v     1.0000    0.8333    0.9091         6
           x     1.0000    1.0000    1.0000         3
           y     1.0000    1.0000    1.0000         2

    accuracy                         0.8788        66
   macro avg     0.8121    0.8207    0.8077        66
weighted avg     0.8894    0.8788    0.8753        66
